172
2 441 2 
2 423 4 
2 420 9 
2 369 30 
2 333 37 
2 286 39 
2 252 42 
2 197 43 
2 196 49 
2 190 51 
2 97 53 
2 93 57 
2 35 58 
2 28 62 
2 482 63 
2 326 67 
2 300 68 
2 165 74 
2 47 75 
2 33 77 
2 12 82 
2 454 83 
2 421 84 
2 330 85 
2 322 87 
2 315 88 
2 306 94 
2 299 96 
2 279 98 
2 256 102 
2 21 103 
2 14 110 
2 1 118 
2 492 122 
2 414 125 
2 358 126 
2 352 127 
2 334 130 
2 212 131 
2 189 133 
2 154 134 
2 86 135 
2 17 137 
2 7 140 
2 495 142 
2 484 143 
2 462 145 
2 443 146 
2 410 150 
2 337 157 
2 319 161 
2 301 167 
2 266 168 
2 213 169 
2 182 171 
2 170 173 
2 158 176 
2 156 178 
2 141 179 
2 120 183 
2 73 184 
2 72 191 
2 64 194 
2 11 202 
2 486 205 
3 475 206 209 
3 463 211 215 
3 452 216 220 
3 451 222 223 
3 448 224 227 
3 434 228 229 
3 376 232 238 
3 371 239 241 
3 350 243 246 
3 329 248 250 
3 310 253 255 
3 298 257 260 
3 264 262 265 
3 261 270 272 
3 234 275 281 
3 221 287 290 
3 210 291 293 
3 166 296 297 
3 155 303 305 
3 113 308 309 
3 111 312 313 
3 108 314 316 
3 52 317 318 
3 48 321 323 
3 38 327 331 
3 0 335 338 
3 499 340 342 
3 498 343 344 
3 473 346 349 
3 455 354 355 
3 445 357 366 
3 439 368 370 
3 433 374 380 
3 430 381 382 
3 419 383 386 
3 409 389 393 
3 405 398 402 
3 396 404 406 
3 387 408 413 
3 385 415 416 
3 367 417 418 
3 360 426 428 
3 356 435 436 
3 324 440 456 
3 320 457 458 
3 311 464 465 
3 292 466 469 
3 288 470 471 
3 277 476 477 
3 273 478 479 
3 271 480 481 
3 258 483 485 
3 249 487 488 
3 240 489 491 
3 236 493 496 
3 231 16 22 
3 219 25 26 
3 208 27 29 
3 199 32 36 
3 193 40 41 
4 187 44 45 46 
4 181 50 54 56 
4 175 59 66 69 
4 147 70 76 78 
4 61 79 80 81 
4 60 92 95 100 
4 34 101 104 106 
4 20 107 109 112 
4 19 114 115 116 
4 15 119 124 128 
4 5 129 132 136 
4 497 138 144 148 
4 474 151 152 153 
4 472 160 164 172 
4 467 174 185 186 
4 459 195 198 200 
4 449 204 207 217 
4 447 226 233 237 
4 444 244 245 247 
4 442 251 254 259 
4 438 267 269 274 
4 437 280 282 284 
4 431 285 289 295 
4 429 304 307 325 
4 427 332 339 341 
4 424 347 359 361 
4 422 363 365 372 
4 412 373 377 378 
4 407 379 390 395 
4 403 401 411 425 
4 400 432 446 450 
4 399 453 460 461 
4 397 468 490 494 
4 394 3 6 8 
4 392 10 13 18 
4 391 23 24 31 
4 388 55 65 71 
4 384 89 90 91 
4 375 99 105 117 
4 364 121 123 139 
4 362 149 159 162 
4 353 163 177 180 
4 351 188 192 201 
4 348 203 214 218 
4 345 225 230 235 
4 336 242 263 268 
4 328 276 278 283 