1628
4 5357 9608 9097 9375 
4 5121 9104 9596 1871 
4 8148 6566 5935 3061 
4 6404 8901 7676 1390 
4 421 6568 2438 7519 
4 2589 9056 8105 7073 
4 5913 7765 702 6802 
4 6255 3711 4039 7455 
4 5583 5403 9113 9916 
4 9906 9412 5555 3100 
4 8785 4114 9707 8678 
4 3629 8226 6190 6048 
4 6584 994 9381 7304 
4 7710 7933 6360 5202 
4 1737 4589 429 6872 
4 3987 1394 1370 1573 
4 7529 3652 4853 5258 
4 5231 6408 7680 8046 
4 4386 8800 9953 8914 
4 2094 8280 7941 7338 
4 9487 4601 2197 7738 
4 5796 7029 4749 7244 
4 6735 2387 420 817 
4 8197 1244 1387 1432 
4 1756 1790 2247 2989 
4 8754 3378 3551 3800 
4 2584 6906 7774 9780 
4 998 7763 2777 8121 
4 2395 3533 9725 9567 
4 6655 9417 9067 8910 
4 6312 7054 6594 6433 
4 2861 5759 5165 4017 
4 59 3252 2719 2290 
4 7923 2287 1072 882 
4 7569 1657 9395 8587 
4 7704 7203 5069 1274 
4 5515 927 6140 661 
4 9612 5704 4673 2670 
4 7444 9112 4755 9353 
4 6632 8520 8514 6722 
4 8873 6431 5319 1603 
4 7262 1420 655 588 
4 8452 6657 8887 344 
4 7796 7428 6895 2679 
4 2489 2445 8765 7323 
4 5905 7035 6503 5440 
4 398 5221 3377 1493 
4 8407 1247 2414 8943 
4 1729 2037 1255 718 
4 820 6768 2031 9317 
4 6459 5937 4580 3435 
4 604 327 7867 4730 
4 9004 9790 9979 8255 
4 1248 8157 7378 4760 
4 7549 4349 4159 3815 
4 7064 3245 2845 5667 
4 4848 2284 5405 4396 
4 8603 625 9739 4779 
4 5886 2208 6394 9109 
4 8733 6793 6386 6067 
4 8189 5390 3627 3589 
4 9529 3013 9857 9472 
4 9354 4338 3190 2078 
4 8437 9791 8033 4003 
4 9213 3036 1126 1028 
4 6839 5866 7737 6397 
4 4449 2440 442 4056 
4 1524 8071 2119 7846 
4 4318 6287 2315 1914 
4 5744 6083 8920 7912 
4 4574 6335 460 9956 
4 9483 3005 1449 7746 
4 4100 5011 1682 7910 
4 6823 6688 6413 6030 
4 4233 4281 6173 9522 
4 3904 9391 8162 5290 
4 8479 2913 3971 1267 
3 7108 503 92 
2 3626 350 
2 5416 494 
2 9620 701 
2 1287 722 
2 6476 770 
2 2545 783 
2 9383 1262 
2 4004 1300 
2 3697 1363 
2 1396 1367 
2 9131 1566 
2 5427 1577 
2 4041 1736 
2 2061 1842 
2 973 2014 
2 370 2048 
2 3015 2063 
2 847 2217 
2 9247 2258 
2 4863 2273 
2 4644 2404 
2 2155 2593 
2 7792 2609 
2 6668 2684 
2 4631 2971 
2 3135 2975 
2 2222 3130 
2 1492 3206 
2 9618 3277 
2 7168 3285 
2 5363 3288 
2 2752 3460 
2 5570 3720 
2 2843 3850 
2 2687 3959 
2 44 3962 
2 453 4264 
2 8284 4265 
2 2117 4347 
2 7100 4459 
2 1561 4543 
2 8775 4603 
2 3505 4722 
2 461 4748 
2 9765 4934 
2 4036 5000 
2 3295 5004 
2 1423 5112 
2 8287 5139 
2 2932 5270 
2 8854 5291 
2 8004 5385 
2 6640 5630 
2 1385 5762 
2 3273 6271 
2 8591 6276 
2 5616 6399 
2 3715 6552 
2 2345 6712 
2 5918 6775 
2 2096 6795 
2 9813 6874 
2 6639 6987 
2 3420 7039 
2 674 7144 
2 7936 7169 
2 5090 7189 
2 1556 7291 
2 5251 7446 
2 4695 7469 
2 2935 7552 
2 2331 7641 
2 666 7708 
2 6762 7810 
2 3825 7908 
2 2598 8005 
2 9959 8069 
2 1677 8169 
2 6756 8218 
2 4147 8225 
2 1114 8350 
2 1081 8362 
2 5001 8404 
2 5592 8457 
2 8689 8490 
2 8384 8492 
2 8119 8538 
2 9818 8575 
2 7525 8619 
2 6196 8680 
2 1388 8691 
2 5989 8795 
2 864 8916 
2 6613 8971 
2 4106 9061 
2 948 9093 
2 683 9420 
2 9888 9441 
2 5526 9467 
2 3942 9494 
2 8911 9517 
2 8320 9581 
2 9128 9738 
2 5211 9824 
2 5083 9918 
2 4473 35 
2 4194 102 
2 3149 205 
2 8585 246 
2 7369 375 
2 5052 551 
2 8777 663 
2 7515 857 
2 2819 929 
2 2459 944 
2 936 1011 
2 7819 1257 
2 4670 1280 
2 2968 1309 
2 132 1651 
2 7577 1739 
2 3484 1771 
2 2246 1879 
2 962 1910 
2 8814 2151 
2 8240 2223 
2 7863 2341 
2 876 2465 
2 7939 2618 
2 2723 2655 
2 7368 2677 
2 8837 2943 
2 752 2986 
2 9256 3185 
2 8991 3230 
2 3457 3282 
2 8392 3294 
2 110 3336 
2 7950 3390 
2 7290 3436 
2 7208 3836 
2 3176 3858 
2 7101 4072 
2 2728 4207 
2 2196 4275 
2 371 4276 
2 8636 4432 
2 684 4462 
2 9267 4497 
2 8641 4687 
2 4808 4889 
2 2212 4903 
2 281 4921 
2 5791 5016 
2 6240 5116 
2 2499 5119 
2 63 5243 
2 9614 5312 
2 5602 5381 
2 7259 5414 
2 4090 5475 
2 3656 5626 
2 2475 5933 
2 714 6084 
2 9019 6116 
2 2064 6138 
2 1101 6221 
2 9894 6267 
2 5651 6327 
2 4916 6383 
2 7834 6469 
2 3678 6736 
2 1013 6867 
2 1491 6898 
2 839 6936 
2 7945 7082 
2 5048 7114 
2 3765 7226 
2 3024 7312 
2 2548 7790 
2 6170 8074 
2 7198 8092 
2 4961 8102 
2 4405 8120 
2 9965 8207 
2 5945 8249 
2 1115 8403 
2 1071 8787 
2 1004 8989 
2 7937 8993 
2 4685 9300 
2 3302 9428 
2 2124 9454 
2 1233 9460 
2 4579 9481 
2 8152 9850 
2 3795 15 
2 3272 73 
2 9986 155 
2 5042 320 
2 9295 539 
2 7104 914 
2 6677 932 
2 3647 1014 
2 2141 1251 
2 384 1342 
2 7927 1360 
2 2070 1380 
2 2008 1398 
2 1734 1500 
2 7135 1719 
2 6782 2005 
2 5101 2111 
2 4702 2317 
2 6495 2369 
2 5773 2413 
2 854 2588 
2 8058 2641 
2 4430 2643 
2 2115 2764 
2 1707 2853 
2 1214 2904 
2 1164 2991 
2 336 3380 
2 7540 3406 
2 7201 3441 
2 5046 3461 
2 4957 3545 
2 2080 3550 
2 8639 3576 
2 7409 3766 
2 5214 3778 
2 4917 3831 
2 4788 3955 
2 2922 4241 
2 2558 4493 
2 443 5062 
2 8063 5186 
2 7896 5477 
2 1341 5587 
2 7825 5590 
2 5653 5620 
2 3499 5629 
2 7961 6139 
2 7202 6159 
2 6702 6325 
2 976 6418 
2 49 6475 
2 9307 6696 
2 6381 6980 
2 4964 7021 
2 4886 7034 
2 1830 7133 
2 1146 7448 
2 9568 7452 
2 7313 7589 
2 6176 7650 
2 4509 8050 
2 3463 8096 
2 818 8191 
2 4983 8192 
2 82 8825 
2 8612 8840 
2 6107 9116 
2 5295 9125 
2 3792 9169 
2 7757 9287 
2 7595 9308 
2 5772 9388 
2 3047 9607 
2 5982 9923 
2 4874 9998 
2 4135 99 
2 3940 440 
2 3607 563 
2 3096 743 
2 2727 1112 
2 5713 1245 
2 2274 1463 
2 2228 1468 
2 9305 1641 
2 8338 1792 
2 6252 1795 
2 3896 1828 
2 2964 2017 
2 3566 2455 
2 3228 2507 
2 1353 2519 
2 636 2581 
2 8608 2638 
2 8485 2945 
2 7136 3081 
2 4322 3197 
2 3309 3384 
2 1210 3387 
2 7305 3535 
2 5310 3571 
2 887 3603 
2 7543 3682 
2 6168 3742 
2 4240 3931 
2 3293 4008 
2 1851 4084 
2 9433 4536 
2 8322 4541 
2 7516 4576 
2 6550 4593 
2 4925 4743 
2 4406 4968 
2 71 4998 
2 1988 5228 
2 9129 5552 
2 8745 5618 
2 6935 5634 
2 1203 5857 
2 9866 5999 
2 7551 6043 
2 4940 6103 
2 1671 6236 
2 5625 6710 
2 1955 6878 
2 9795 6991 
2 7145 7113 
2 9527 7182 
2 4185 7348 
2 1812 7450 
2 7 7597 
2 8116 7705 
2 5383 7811 
2 4141 8029 
2 3437 8054 
2 7579 8512 
2 5219 8666 
2 4131 8959 
2 47 9127 
2 8465 9228 
2 7326 9290 
2 3114 9704 
2 2456 9740 
2 1450 9898 
2 1322 9939 
2 594 52 
2 9552 116 
2 8851 135 
2 4167 266 
2 7359 368 
2 4637 470 
2 4235 524 
2 2259 528 
2 3142 569 
2 3042 680 
2 9 713 
2 7231 1025 
2 1713 1104 
2 1094 1108 
2 766 1123 
2 5652 1236 
2 5006 1343 
2 4655 1457 
2 1742 1662 
2 9690 1748 
2 9539 1752 
2 7583 1757 
2 3686 1776 
2 1934 1893 
2 2686 1938 
2 532 1940 
2 5873 1950 
2 9525 2132 
2 7715 2286 
2 5494 2640 
2 4561 2721 
2 4074 2778 
2 2962 2832 
2 9263 2871 
2 8803 3198 
2 4657 3525 
2 3844 3572 
2 8553 3732 
2 3072 3751 
2 2481 3755 
2 727 3876 
2 7083 4111 
2 4847 4130 
2 1895 4145 
2 1050 4310 
2 723 4418 
2 6957 4680 
2 6129 4686 
2 4475 4759 
2 4112 4812 
2 9917 5394 
2 9532 5597 
2 9235 5684 
2 8387 5818 
2 8250 5878 
2 7447 5971 
2 4102 6086 
2 3357 6182 
2 2759 6217 
2 7088 6251 
2 4374 6295 
2 2982 6303 
2 62 6369 
2 8736 6461 
2 7196 6658 
2 2736 6855 
2 2293 7379 
2 8332 7396 
2 3519 7575 
2 1946 8217 
2 3196 8271 
2 954 8300 
2 8375 8416 
2 7648 8445 
2 7308 8481 
2 7032 8574 
2 213 8649 
2 9946 8974 
2 9196 9132 
2 8010 9334 
2 4320 9445 
2 859 9477 
2 9063 9537 
2 6547 9708 
2 5163 9782 
2 2045 9796 
2 1591 9817 
2 6882 9947 
2 5777 9967 
2 4076 9992 
2 2726 167 
2 1724 223 
2 1418 724 
2 8767 989 
2 8193 1033 
2 7725 1185 
2 6611 1241 
2 5904 1310 
2 4619 1408 
2 3337 1448 
2 2342 1617 
2 2060 1676 
2 9106 1772 
2 6178 1901 
2 3689 2760 
2 2652 2767 
2 1568 3094 
2 850 3116 
2 4402 3152 
2 2340 3215 
2 992 3287 
2 9119 3393 
2 5172 3459 
2 8644 3642 
2 3155 3829 
2 2544 3868 
2 9966 3908 
2 4995 3970 
2 4912 4086 
2 4638 4180 
2 4490 4864 
2 1433 4999 
2 9747 5092 
2 6558 5447 
2 3672 5486 
2 3170 5560 
2 2642 5826 
2 1621 6066 
2 3775 6200 
2 3648 6523 
2 2749 6597 
2 2085 6909 
2 586 6916 
2 9576 7107 
2 9344 7160 
2 8626 7358 
2 5729 7376 
2 3757 7477 
2 201 7503 
2 120 8024 
2 8601 8041 
2 7851 8188 
2 7494 8428 
2 7451 8764 
2 6913 8953 
2 6534 9012 
2 6038 9040 
2 5686 9147 
2 3781 9351 
2 3542 9455 
2 7643 9480 
2 4139 9640 
2 3257 9666 
2 2828 9808 
2 8478 9878 
2 6571 9949 
2 8397 9980 
2 8138 259 
2 7148 495 
2 6567 506 
2 5931 779 
2 4550 1017 
2 774 1169 
3 7814 1379 1428 
3 7545 1434 1455 
3 7464 1769 1844 
3 5156 2145 2366 
3 3889 2637 2735 
3 2628 2753 3032 
3 9542 3056 3148 
3 8186 3319 3430 
3 3593 3490 3699 
3 2323 3826 3957 
3 1763 3960 4015 
3 403 4024 4051 
3 9302 4081 4152 
3 6134 4181 4199 
3 4244 4253 4342 
3 4150 4350 4606 
3 2870 4872 4897 
3 2862 4941 5033 
3 676 5050 5650 
3 328 5893 5984 
3 7862 6004 6241 
3 6537 6820 6970 
3 4058 7053 7317 
3 3475 7328 7456 
3 3376 8048 8279 
3 3112 8467 8483 
3 2795 8693 8782 
3 9713 8892 8905 
3 9275 9053 9396 
3 9151 9509 9783 
3 8997 9940 36 
3 2308 125 971 
3 2300 981 1019 
3 18 1089 1144 
3 9559 1314 1325 
3 8865 1456 1458 
3 8187 1730 1785 
3 7079 1855 2069 
3 6927 2302 2491 
3 6467 2644 2780 
3 4959 2844 2865 
3 58 2869 2923 
3 5081 3093 3151 
3 4390 3388 3404 
3 2814 3556 3701 
3 2213 3921 3979 
3 2036 4125 4166 
3 1383 4304 4364 
3 9900 4454 4471 
3 8267 4590 4654 
3 8242 4799 4905 
3 8233 5109 5230 
3 7316 5354 5374 
3 5366 5565 5571 
3 4044 5654 5673 
3 8115 5735 5976 
3 3869 6061 6194 
3 3840 6422 6588 
3 3708 6758 7722 
3 3451 7754 7784 
3 8259 7816 7837 
3 4480 8243 8301 
3 9528 8515 8622 
3 8506 8706 8843 
3 7703 8949 9191 
3 7445 9279 9310 
3 7166 9422 9442 
3 6171 9452 9510 
3 6147 9541 9731 
3 5609 9758 9809 
3 1711 9997 276 
3 8849 339 518 
3 8616 747 841 
3 7673 897 1048 
3 5845 1067 1365 
3 3842 1721 1913 
3 2123 1926 2040 
3 778 2090 2130 
3 446 2276 2458 
3 9873 2667 2714 
3 9320 2815 2851 
3 9243 2938 2965 
3 8079 2973 2984 
3 2305 3160 3200 
3 1160 3236 3359 
3 2267 3462 3709 
3 2160 3713 3779 
3 1936 4068 4201 
3 1839 4303 4348 
3 1049 4499 4597 
3 11 4745 4869 
3 8094 4927 5143 
3 5540 5344 5348 
3 3583 5695 5871 
3 3526 5930 6013 
3 8430 6071 6091 
3 8101 6092 6204 
3 5096 6207 6322 
3 4837 6608 6667 
3 3126 6732 6877 
3 2313 7027 7070 
3 2243 7084 7242 
3 1136 7411 7538 
3 654 7609 7630 
3 245 7701 7762 
3 9605 8184 8315 
3 8167 8385 8427 
3 6359 8627 8705 
3 6123 8769 8973 
3 6050 9049 9058 
3 2023 9064 9288 
3 1552 9402 9518 
3 333 9827 9831 
3 9514 9897 9925 
3 7944 109 330 
3 7267 387 397 
3 5359 426 454 
3 3913 479 497 
3 1509 665 707 
3 5324 721 843 
3 5136 1215 1239 
3 4284 1425 1520 
3 3950 1674 1896 
3 2985 2004 2015 
3 9921 2032 2053 
3 8509 2158 2187 
3 7726 2338 2446 
3 9374 2524 2613 
3 8286 2654 2675 
3 8036 2791 2822 
3 7953 2914 3071 
3 7385 3103 3162 
3 5854 3456 3520 
3 4551 3659 3723 
3 2944 3872 3946 
3 687 3974 3999 
3 7008 4250 4395 
3 6777 4420 4460 
3 6580 4586 4862 
3 6300 5103 5288 
3 4902 5434 5605 
3 2920 5679 5737 
3 2282 5738 5780 
3 373 5843 5846 
3 9784 5855 5858 
3 8367 6164 6515 
3 7522 6729 6954 
3 6842 7193 7325 
3 5209 7619 7720 
3 4498 7930 7976 
3 3745 8025 8285 
3 3106 8402 8544 
3 2535 8664 8723 
3 1767 8937 9170 
3 706 9476 9753 
3 9289 286 488 
3 7466 535 543 
3 6481 861 913 
3 3899 1069 1232 
3 3632 1312 1486 
3 3618 1637 1680 
3 1845 1900 2099 
3 1231 2350 2542 
3 9340 2606 2855 
3 7922 2868 2893 
3 3253 2894 2992 
3 2817 3067 3143 
3 2674 3180 3232 
3 1427 3264 3342 
3 65 3733 3740 
3 9856 3770 4067 
3 8348 4302 4378 
3 6060 4624 4744 
3 5665 4831 4849 
3 2203 5071 5114 
3 9722 5204 5248 
3 9283 5307 5334 
3 8701 5372 5500 
3 7026 5507 5572 
3 6989 5761 5805 
3 6985 6041 6555 
3 5600 6863 6879 
3 4690 6908 7285 
3 2718 7505 7562 
3 177 7572 7582 
3 9942 7687 8125 
3 9732 8234 8295 
3 7700 8352 8378 
3 463 8484 8580 
3 8026 8790 8921 
3 7756 9389 9461 
3 5622 9531 9598 
3 3002 9653 317 
3 2994 548 679 
3 593 694 969 
3 9111 1121 1242 
3 8563 1630 1816 
3 8346 1906 1921 
3 7920 2027 2135 
3 5919 2321 2322 
3 4965 2478 2497 
3 4151 3010 3139 
3 3083 3182 3433 
3 1359 3604 3725 
3 9691 3986 4021 
3 8721 4029 4383 
3 8697 4401 4585 
3 8047 4815 4908 
3 7050 4909 5301 
3 6638 5318 5408 
3 6582 5502 5567 
3 4516 6001 6032 
3 2941 6165 6211 
3 2572 6238 6449 
3 1996 6786 6978 
3 1096 7044 7161 
3 780 7199 7282 
3 9649 7435 7437 
3 8834 7806 7874 
3 7212 7974 8088 
3 6313 8216 8482 
3 3229 8489 8589 
3 1817 8621 8630 
3 1357 8674 8802 
3 9252 8884 8976 
3 8253 9202 9306 
3 6329 9335 9497 
3 2619 9683 9688 
3 9778 9756 9924 
3 2364 79 90 
3 1085 104 166 
3 745 560 647 
3 9366 758 852 
3 7209 933 1051 
3 5962 1098 1125 
3 4951 1417 1446 
3 4137 1560 1643 
3 3485 1797 1991 
3 2571 2034 2263 
3 1372 2374 2394 
3 1336 2482 2534 
3 522 2547 2625 
3 9779 2755 2768 
3 9443 2816 2880 
3 8839 3065 3231 
3 6363 3304 3351 
3 6316 3421 3726 
3 4582 3920 3998 
3 3356 4162 4168 
3 2802 4295 4366 
3 2009 4472 4476 
3 717 4485 4587 
3 103 4652 4805 
3 9751 4836 4970 
3 8477 5031 5089 
3 6602 5320 5445 
3 6477 5468 5506 
3 4352 5645 5987 
3 4351 6362 6465 
3 2112 6502 6626 
3 1861 6717 6813 
3 709 6896 7280 
3 565 7366 7449 
3 251 7497 7601 
3 6426 7714 7769 
3 3368 7940 8262 
3 2647 8324 8339 
3 67 8394 8414 
3 8811 8444 8710 
3 5909 8847 8869 
3 5891 8917 8926 
3 2351 9077 9466 
3 9365 9630 9697 
3 9154 84 474 
3 9123 547 599 
3 8199 830 879 
3 7119 946 951 
3 6994 980 1397 
3 3443 1472 1710 
3 2905 1760 1863 
3 9124 1875 1916 
3 7629 2093 2261 
3 5793 2403 2496 
3 4259 2710 2738 
3 3089 2742 2926 
3 1340 2995 3098 
3 645 3166 3183 
3 257 3548 3601 
3 6 3609 3631 
3 8751 3661 3706 
3 8614 3767 3886 
3 7981 3900 3967 
3 7671 3989 4049 
3 5492 4073 4118 
3 2536 4261 4385 
3 1976 4626 4719 
3 214 4751 4776 
3 171 4974 5226 
3 9585 5326 5459 
3 9325 5623 5932 
3 7330 5955 5975 
3 6415 6214 6292 
3 4884 6883 6997 
3 3379 7191 7234 
3 2095 7468 7537 
3 1787 7563 7685 
3 1510 7860 7947 
3 1202 8126 8178 
3 332 8358 8369 
3 9806 8386 8885 
3 9629 9034 9071 
3 9546 9103 9657 
3 8947 9760 9801 
3 7911 29 100 
3 7489 113 231 
3 4477 351 445 
3 4357 490 501 
3 4293 580 584 
3 4134 692 710 
3 3496 751 790 
3 2162 1204 1246 
3 1701 1272 1894 
3 1344 1997 2041 
3 5593 2113 2114 
3 5239 2189 2256 
3 3308 2576 2616 
3 3214 3040 3113 
3 3062 3140 3163 
3 60 3429 3468 
3 9968 3592 3650 
3 9363 3982 4210 
3 8923 4225 4268 
3 8501 4324 4336 
3 8200 4481 4784 
3 8163 4947 5433 
3 6666 5564 5687 
3 5544 5711 5716 
3 4867 5775 5784 
3 4557 5827 6299 
3 2957 6317 6346 
3 1820 6424 6437 
3 1001 6464 6486 
3 188 6861 6926 
3 9974 6951 6995 
3 9930 7188 7354 
3 9511 7598 7707 
3 8835 7747 8051 
3 8529 8057 8182 
3 6914 8317 8448 
3 5330 8460 8488 
3 5149 8531 8656 
3 1717 8704 8799 
3 877 8841 8909 
3 750 9001 9167 
3 8779 9268 9277 
3 8003 9373 9676 
3 7934 9915 9937 
3 6956 9938 46 
3 5733 212 243 
3 5518 664 787 
3 5244 905 1034 
3 5236 1175 1419 
3 4222 1600 1659 
3 1975 1697 1779 
3 1740 1784 2434 
3 7391 2441 2487 
3 7057 2493 2501 
3 6342 2539 2559 
3 6297 2639 2682 
3 5991 3805 3814 
3 5332 4061 4071 
3 4711 4190 4204 
3 1505 4278 4362 
3 9545 4772 4785 
3 8658 4824 5154 
3 8651 5425 5490 
3 7613 5656 5707 
3 4977 5988 6047 
3 4727 6333 6385 
3 2776 6601 6893 
3 1800 7004 7012 
3 1564 7056 7141 
3 1351 7181 7205 
3 321 7297 7331 
3 9166 7472 7482 
3 7677 7506 7560 
3 3730 7612 7767 
3 2575 7904 7926 
3 1883 7952 8072 
3 1364 8149 8341 
3 924 8476 8480 
3 296 9110 9315 
3 8431 9378 9515 
3 8040 9654 9757 
3 7439 9845 9919 
3 7415 334 354 
3 6188 416 705 
3 4696 731 813 
3 4331 853 873 
3 3750 925 1193 
3 9962 1362 1482 
3 7344 1702 1715 
3 7153 1746 1780 
3 5970 1791 1823 
3 5758 1927 2177 
3 5529 2429 2430 
3 4572 2494 2708 
3 3120 2761 2830 
3 2245 2833 2867 
3 1965 4083 4101 
3 1249 4282 4391 
3 9426 4448 4765 
3 9419 4803 4984 
3 8990 5065 5087 
3 8915 5283 5392 
3 7647 5484 5525 
3 7210 5541 5659 
3 1747 5708 5743 
3 1522 5821 5927 
3 791 6218 6349 
3 9550 6532 6587 
3 8449 6847 6889 
3 8168 7006 7126 
3 7699 7269 7277 
3 5808 7294 7355 
3 5131 7520 7691 
3 5028 8018 8042 
3 4717 8060 8066 
3 4415 8175 8208 
3 4161 8281 8288 
3 3579 8349 8357 
3 2509 8690 8718 
3 8579 9033 9133 
3 8056 9163 9358 
3 7972 9705 345 
3 6738 366 592 
3 5835 685 732 
3 5683 755 941 
3 5488 1007 1281 
3 3473 1293 1356 
3 1743 1660 1759 
3 9397 1798 2073 
3 9341 2182 2615 
3 9271 2648 2737 
3 8418 2787 2896 
3 7824 2958 2960 
3 6616 3034 3238 
3 6042 3317 3397 
3 5728 3465 3514 
3 5074 3653 3764 
3 3655 4129 4382 
3 2573 4431 4615 
3 2265 4647 4778 
3 2043 4800 4878 
3 1714 5144 5402 
3 1061 5438 5520 
3 767 5524 5647 
3 96 5669 6115 
3 9569 6172 6298 
3 8866 6376 6439 
3 7250 6489 6575 
3 6627 6589 6598 
3 6419 6779 6816 
3 6273 6884 6911 
3 3087 6941 7158 
3 1673 7173 7195 
3 902 7214 7836 
3 301 7935 8290 
3 55 8296 8343 
3 8607 8577 8687 
3 8548 8743 8798 
3 8470 8830 8871 
3 6144 8935 8980 
3 5720 8983 9231 
3 3845 9242 9492 
3 3830 9674 9743 
3 2952 9874 9983 
3 1523 50 126 
3 1200 285 340 
3 631 386 399 
3 264 408 624 
3 9853 991 1041 
3 9626 1156 1629 
3 9566 1675 1945 
3 8625 2071 2156 
3 7524 2209 2250 
3 6742 2339 2396 
3 4870 2626 2788 
3 3834 2849 3014 
3 3223 3128 3168 
3 1889 3305 3507 
3 1636 3537 3569 
3 1178 3594 3597 
3 797 3776 4023 
3 773 4183 4212 
3 385 4213 4223 
3 197 4319 4397 
3 9797 4528 4569 
3 9572 5102 5232 
3 8702 5337 5411 
3 8487 5435 5532 
3 6410 5911 5990 
3 6309 6624 6716 
3 6226 6785 6943 
3 5553 7028 7324 
3 5155 7470 7776 
3 3306 7817 7838 
3 3167 7869 7955 
3 2809 8260 8261 
3 2089 8327 8518 
3 1508 8858 8999 
3 9048 9095 9141 
3 8659 9203 9216 
3 8132 9404 9408 
3 6377 9574 9587 
3 6336 9766 9841 
3 4960 80 247 
3 4367 282 353 
3 3978 807 878 
3 3137 891 945 
3 2055 952 1030 
3 407 1053 1150 
3 9250 1173 1240 
3 8183 1368 1392 
3 7748 1666 1722 
3 7567 1786 2118 
3 7436 2183 2214 
3 7155 2362 2623 
3 6192 2784 2901 
3 5864 2940 3000 
3 5375 3470 3524 
3 4600 3613 3710 
3 3905 3881 3981 
3 1810 4033 4045 
3 1476 4087 4182 
3 5610 4189 4296 
3 4649 4332 4346 
3 3673 4368 4560 
4 3557 4707 4838 4881 
4 2612 4991 5039 5076 
4 1948 5269 5305 5314 
4 730 5335 5452 5830 
4 9718 5841 5880 6113 
4 8671 6117 6672 6695 
4 6384 6728 7137 7146 
4 4524 7284 7336 7351 
4 4079 7485 7702 7723 
4 3870 7879 7998 8145 
4 3791 8335 8623 8846 
4 3271 8904 8922 9185 
4 2486 9405 9665 9672 
4 1998 9909 42 233 
4 1228 557 712 851 
4 278 855 869 963 
4 9952 1229 1375 1431 
4 9689 1441 1498 2092 
4 6769 2139 2346 2416 
4 6058 2421 2624 2981 
4 4861 3069 3175 3184 
4 4200 3291 3538 3599 
4 4043 3606 3676 3702 
4 875 3855 3910 4085 
4 9843 4096 4178 4289 
4 9746 4455 4542 4629 
4 9265 4682 4753 4817 
4 8940 5130 5152 5194 
4 8707 5249 5300 5455 
4 6747 5497 5638 5662 
4 6198 5797 5806 6355 
4 6028 6538 6665 6691 
4 5308 6791 6826 6974 
4 3001 7303 7422 7604 
4 2353 7644 7718 7750 
4 283 7968 8030 8055 
4 9871 8106 8140 8583 
4 7253 8634 8700 8724 
4 5476 8809 8818 8856 
4 3944 8896 8925 8939 
4 3857 9052 9079 9088 
4 1912 9177 9292 9304 
4 1429 9439 9516 9579 
4 3 9615 9777 48 
4 9078 75 176 585 
4 8172 699 742 1024 
4 7302 1026 1092 1264 
4 6662 1291 1545 1565 
4 6010 1919 1962 2195 
4 5170 2292 2312 2360 
4 2912 2449 2450 2528 
4 1483 2820 2979 3250 
4 85 3345 3418 3452 
4 9507 3512 3605 3687 
4 8677 3737 3952 3964 
4 8297 4146 4203 4380 
4 8204 4404 4510 4643 
4 7443 4729 4809 4900 
4 7412 5093 5478 5712 
4 3997 5922 5923 6089 
4 3367 6689 6759 6789 
4 2000 6892 6977 7402 
4 1140 7495 7615 7698 
4 432 7728 8091 8111 
4 9755 8266 8294 8307 
4 8453 8510 8588 8699 
4 7880 8888 8982 9118 
4 7118 9184 9262 9520 
4 6578 9639 9928 98 
4 4706 232 310 324 
4 4532 484 564 667 
4 4527 744 874 890 
4 4179 918 1128 1384 
4 3278 1389 1528 1604 
4 1853 1670 1692 1782 
4 1587 2233 2599 2917 
4 1040 3365 3372 3851 
4 915 3923 3976 4075 
4 884 4140 4171 4316 
4 836 4343 4526 4539 
4 263 4552 4945 5022 
4 8683 5115 5284 5285 
4 8442 5393 5431 5562 
4 7103 5637 5795 6372 
4 7095 6530 6609 6642 
4 6981 6653 6798 6928 
4 6483 6955 6992 7023 
4 6146 7128 7440 7621 
4 6012 7779 7798 7865 
4 5207 7997 8112 8306 
4 5203 8308 8330 8421 
4 4607 8433 8590 8611 
4 4469 8741 8852 9080 
4 3028 9293 9401 9440 
4 2927 9449 9503 9840 
4 1720 9875 9911 9936 
4 9695 5 122 129 
4 8670 377 389 617 
4 7978 657 748 754 
4 7696 824 985 1268 
4 6320 1269 1304 1834 
4 6110 2354 2454 2477 
4 5849 2701 3207 3483 
4 5803 3510 3574 3575 
4 3885 3630 3786 3919 
4 3728 3937 3954 3996 
4 3022 4007 4105 4186 
4 995 4563 4566 4677 
4 513 4866 4915 5084 
4 8964 5110 5184 5195 
4 7618 5352 5450 5519 
4 7617 5787 5953 6011 
4 7319 6037 6070 6080 
4 6757 6318 6455 6573 
4 3508 6603 7213 7225 
4 2585 7232 7256 7271 
4 1821 7566 7775 8076 
4 1378 8146 8471 8496 
4 1224 8668 8946 8948 
4 634 9430 9435 9482 
4 464 9504 9558 9562 
4 8929 9619 9652 9668 
4 8722 9847 14 134 
4 7603 265 552 749 
4 7296 816 1003 1334 
4 6370 1354 1481 1543 
4 4883 1548 1607 1644 
4 4617 1773 2079 2236 
4 4565 2392 2408 2448 
4 4474 2650 2813 3063 
4 3518 3241 3303 3369 
4 2877 3410 3688 3738 
4 1253 3874 3938 4242 
4 1037 4612 4665 4683 
4 9908 5034 5078 5126 
4 8932 5261 5264 5561 
4 8750 5703 5934 5942 
4 7861 6020 6235 6525 
4 6498 6564 6572 6891 
4 6444 6910 6946 7076 
4 5197 7157 7301 7755 
4 5174 7996 8070 8082 
4 4307 8360 8364 8459 
4 3877 8565 8755 9416 
4 3736 9805 261 364 
4 3561 367 369 975 
4 3037 1222 1414 1451 
4 1708 1537 1596 1689 
4 1681 1709 1738 1960 
4 1073 2056 2077 2133 
4 9464 2180 2188 2219 
4 9359 2257 2266 2319 
4 8895 2574 2774 2800 
4 8692 2856 3739 3758 
4 7759 3771 3832 3833 
4 5785 3861 4117 4192 
4 4871 4299 4326 4463 
4 4786 5002 5025 5037 
4 3375 5124 5145 5223 
4 3362 5292 5421 5575 
4 3248 5646 6122 6268 
4 2939 6347 6482 6760 
4 1923 6865 7009 7420 
4 1684 7508 7885 8014 
4 1542 8245 8408 8558 
4 1526 8783 8912 8958 
4 1117 9025 9142 9285 
4 9599 9463 9508 9565 
4 8524 9889 19 26 
4 7536 43 127 357 
4 5902 438 907 996 
4 4439 1038 1349 1352 
4 4038 1572 1887 1903 
4 2937 1907 1925 2058 
4 2627 2146 2150 2355 
4 1484 2383 2748 2779 
4 1154 2826 2840 2915 
4 1152 2998 3003 3101 
4 1116 3122 3237 3269 
4 559 3432 3489 3646 
4 137 3703 3864 3934 
4 8328 4169 4315 4321 
4 7870 4424 4437 4484 
4 4361 4825 4835 4854 
4 3892 4955 5216 5315 
4 2488 5501 5648 5664 
4 1571 5764 5801 5810 
4 520 5861 5868 5992 
4 9880 6027 6124 6145 
4 8956 6181 6462 6505 
4 8874 6646 6780 6819 
4 6367 6900 6966 7115 
4 6296 7147 7353 7390 
4 5462 7473 7780 7905 
4 5278 8194 8205 8313 
4 4521 8337 8390 8504 
4 4292 8720 8738 8902 
4 3511 9069 9273 9642 
4 9197 9834 9899 9913 
4 8637 9994 95 105 
4 8466 400 436 447 
4 7823 476 716 772 
4 7678 792 892 1301 
4 5823 1373 1503 1672 
4 4975 1687 1815 1990 
4 3853 2255 2283 2361 
4 2798 2460 2646 2699 
4 2592 2846 2918 3224 
4 9849 3289 3298 3398 
4 9769 3448 3568 3614 
4 7178 3649 4294 4329 
4 7041 4446 4827 4931 
4 6656 5075 5142 5159 
4 6231 5349 5396 5465 
4 5839 5546 5739 6250 
4 5547 6310 6442 6546 
4 5341 6561 6663 6781 
4 3544 6838 6886 6931 
4 3107 6934 6949 7016 
4 3055 7051 7240 7403 
4 1833 7414 7487 8013 
4 1261 8020 8151 8370 
4 916 8582 9144 9195 
4 9961 9343 9432 9512 
4 9907 9687 9702 9893 
4 9425 21 331 595 
4 8527 1052 1124 1143 
4 7463 1213 1327 1442 
4 6965 1592 1602 1605 
4 6605 1957 1966 2103 
4 6577 2409 2419 2617 
4 6220 2729 2818 2969 
4 5941 3007 3043 3045 
4 5705 3181 3192 3221 
4 4946 3249 3284 3403 
4 4668 3554 3562 3735 
4 2600 4010 4154 4219 
4 2566 4345 4924 5415 
4 1712 5582 5608 5715 
4 1361 5723 5746 5753 
4 970 5847 5867 5996 
4 174 6029 6056 6059 
4 172 6131 6219 6324 
4 56 6338 6348 6440 
4 17 6521 6764 6790 
4 9984 6869 6907 6929 
4 7255 7080 7124 7373 
4 6938 7478 7605 7709 
4 5998 7999 8270 8450 
4 5441 9115 9385 9627 
4 5378 9671 9750 9762 
4 2185 1 66 141 
4 1726 250 295 363 
4 7238 455 504 561 
4 7215 619 775 808 
4 7130 810 838 1163 
4 6389 1623 1698 1905 
4 5548 1933 1974 2109 
4 5503 2194 2391 2443 
4 2368 2471 2763 2810 
4 846 3234 3320 3532 
4 760 3865 3943 3958 
4 529 4138 4256 4270 
4 9350 4411 4548 4570 
4 9014 4608 4820 4901 
4 8516 5306 5420 5706 
4 7363 5802 5997 6045 
4 6715 6191 6247 6501 
4 5250 6894 7143 7548 
4 4604 7576 8095 8124 
4 3769 8127 8130 8354 
4 3050 8371 8550 8566 
4 145 8781 9349 9364 
4 10 9501 9593 9727 
4 9092 9826 9835 9982 
4 8931 9989 382 434 
4 8363 469 496 578 
4 7740 681 762 765 
4 6856 1078 1531 1655 
4 5563 1968 1981 2003 
4 5446 2244 2397 2479 
4 5151 2530 2605 2631 
4 4731 2724 2792 2796 
4 4663 2864 2972 3171 
4 3969 3260 3315 3565 
4 3746 3622 3640 3660 
4 3516 3683 3774 3820 
4 2106 3835 3948 4277 
4 1765 4429 4888 5358 
4 1570 5412 5655 5660 
4 1430 5765 5768 5781 
4 1234 5799 6062 6099 
4 844 6100 6262 6423 
4 738 6487 6548 6599 
4 688 6641 6687 6755 
4 451 6801 6975 7207 
4 297 7462 7517 7635 
4 9168 7918 8007 8107 
4 8714 8283 8399 8669 
4 6752 8688 8708 8792 
4 6583 8829 8995 9199 
4 5649 9253 9392 9403 
4 5271 9437 9485 9621 
4 3134 9643 9729 9803 
4 2716 187 239 254 
4 1601 601 612 614 
4 1122 704 715 785 
4 923 1328 1633 2001 
4 525 2021 2178 2225 
4 208 2336 2468 2666 
4 9895 2704 2744 2794 
4 9741 2838 2857 3366 
4 9597 3458 3598 3634 
4 7778 3638 4119 4433 
4 7624 4503 4540 4568 
4 7218 4816 4993 5053 
4 6540 5054 5091 5185 
4 6526 5289 5302 5580 
4 6364 6120 6135 6169 
4 6266 6249 6388 6610 
4 6205 6625 6836 6837 
4 5579 6979 7049 7254 
4 5325 7265 7295 7352 
4 5118 7568 7587 7591 
4 2766 7593 7681 7892 
4 2165 7979 8016 8181 
4 1827 8269 8526 8551 
4 1487 8719 8774 8942 
4 1197 8966 9054 9130 
4 912 9174 9377 9728 
4 556 9763 9781 9945 
4 9161 119 277 505 
4 9121 979 1008 1083 
4 8239 1088 1103 1294 
4 7149 1386 1421 1459 
4 6133 1733 1794 2067 
4 4093 2084 2270 2275 
4 3540 2371 2630 2970 
4 3104 2976 3066 3159 
4 2407 3172 3666 3729 
4 1963 3856 3918 3995 
4 926 4005 4037 4127 
4 164 4353 4492 4674 
4 139 4756 4844 5129 
4 9450 5196 5224 5242 
4 9214 5692 5842 5894 
4 9182 5914 5946 5956 
4 8833 5974 6044 6286 
4 8673 6706 6810 7164 
4 8081 7288 7539 7620 
4 7558 7891 7913 8078 
4 7518 8236 8351 8586 
4 6396 8657 8878 8899 
4 4990 8962 9039 9108 
4 4491 9160 9219 9352 
4 3258 9424 9563 9789 
4 2649 9867 9872 581 
4 2295 832 1057 1070 
4 2221 1544 1626 2076 
4 2007 2262 2521 2678 
4 117 2902 3009 3077 
4 8161 3204 3283 3374 
4 8059 3501 3552 3560 
4 5948 3668 3848 3925 
4 5017 4070 4121 4306 
4 5013 4370 4436 4531 
4 5007 4700 4735 4850 
4 4230 4852 5111 5138 
4 2484 5193 5339 5670 
4 1648 5688 5852 6025 
4 1589 6106 6368 6488 
4 9594 6771 7046 7370 
4 9390 7380 7831 7967 
4 9246 8292 8788 9026 
4 8824 9207 9244 9677 
4 8650 9926 390 606 
4 8044 623 966 967 
4 7839 1042 1155 1263 
4 7499 1366 1860 1956 
4 6451 1967 1977 2131 
4 6052 2174 2249 2316 
4 5899 2327 2513 2690 
4 5627 2739 2850 2930 
4 5574 3354 3392 3528 
4 4627 3731 3867 3975 
4 3674 4110 4115 4142 
4 2804 4288 4341 4515 
4 211 4530 4698 4782 
4 8293 4873 4936 4988 
4 8198 5180 5217 5303 
4 7692 5369 5432 5750 
4 7346 5874 6014 6504 
4 7152 6679 6723 7038 
4 6149 7263 7287 7341 
4 5875 7442 7893 8083 
4 5056 8122 8377 8547 
4 4126 8844 8848 9005 
4 3691 9018 9066 9090 
4 2879 9493 9513 9544 
4 2309 9792 107 190 
4 628 237 244 262 
4 480 410 553 1005 
4 9135 1189 1315 1402 
4 8617 1489 1758 1826 
4 7983 2171 2251 2411 
4 7204 2474 2925 3033 
4 6680 3408 3478 3481 
4 2848 3675 3741 3909 
4 2555 3953 4035 4113 
4 2127 4274 4408 4620 
4 1010 4963 5012 5256 
4 642 5353 5367 5748 
4 87 5967 6072 6345 
4 9719 6379 6507 6807 
4 9490 6888 7180 7227 
4 8247 7300 7498 7599 
4 7318 7645 7649 7739 
4 6721 7760 7787 7794 
4 6623 7866 7909 7928 
4 6102 8017 8023 8099 
4 3932 8274 8329 8391 
4 3276 8552 8598 8672 
4 3029 9153 9180 9211 
4 2836 9249 9355 9658 
4 2590 9912 235 284 
4 1825 294 352 475 
4 1015 637 809 1055 
4 9588 1141 1219 1225 
4 8653 1338 1490 1539 
4 8609 1576 1628 2097 
4 8305 2291 2347 2523 
4 7752 2557 2860 2967 
4 7278 3068 3219 3358 
4 7151 3714 4216 4280 
4 6645 4458 4618 4795 
4 6215 4919 5036 5137 
4 6157 5201 5218 5360 
4 5879 5407 5454 5485 
4 3828 5521 5675 6019 
4 3608 6057 6406 6460 
4 2811 6684 6734 6982 
4 2125 7062 7122 7625 
4 656 7853 7886 8195 
4 9776 8422 8436 8522 
4 9580 8647 8807 8817 
4 9471 8838 8963 9138 
4 9414 9206 9444 9462 
4 8606 9842 138 140 
4 7954 162 856 920 
4 6731 950 1018 1109 
4 6036 1151 1218 1319 
4 4555 1324 1438 1506 
4 3973 1645 1741 1931 
4 2872 2269 2379 2473 
4 1876 2580 2688 2717 
4 1866 2829 2888 3326 
4 1847 3915 4022 4042 
4 1735 4123 4234 4317 
4 900 4658 4834 4920 
4 597 5179 5220 5436 
4 289 5456 5876 5995 
4 178 6105 6660 6683 
4 9286 6765 6825 7089 
4 6256 7200 7235 7389 
4 6193 7570 7657 7679 
4 5513 7873 7901 8237 
4 5487 8323 8505 8528 
4 4859 8827 9017 9257 
4 4650 9331 9348 9379 
4 3692 9384 9681 9798 
4 3677 9902 9951 9975 
4 3480 222 242 629 
4 3239 736 942 993 
4 2516 1054 1663 1982 
4 1943 2568 2876 3039 
4 1620 3314 3500 3612 
4 206 3768 3837 3907 
4 28 4053 4120 4257 
4 9852 4266 4409 4500 
4 8652 4697 4781 5079 
4 7375 5127 5247 5331 
4 5824 5458 5491 5499 
4 4671 5661 5668 5701 
4 2538 5789 5960 6277 
4 1856 6374 6817 6829 
4 1464 6950 6996 7002 
4 1159 7224 7293 7335 
4 931 7429 7535 7771 
4 9499 8213 8497 8521 
4 9382 8760 8813 9136 
4 8578 9266 9427 9661 
4 8134 9700 9955 9970 
4 6703 248 337 519 
4 6685 591 632 696 
4 6350 761 788 943 
4 5815 957 1076 1223 
4 4170 1410 1515 1803 
4 2226 1805 1858 1885 
4 1393 2044 2230 2680 
4 1311 2698 2720 2790 
4 1056 2801 3046 3270 
4 590 3423 3684 3801 
4 9276 4065 4128 4243 
4 6531 4761 4764 4930 
4 4573 4944 4967 5293 
4 4522 5317 5395 5464 
4 3891 5554 5636 5642 
4 3808 5749 5755 6281 